881331243
813482395
823856729
487586786
913096723
891202194
843135039
882199730
911645695
908023641
910401058
898442256
889704417
815242508
908189244
899661268
840539456
907462865
899965842
823752514
914247671
394770267
808503049
844656942
890289697
497873661
831126198
913986261
914848239
918727660
918121666
841084999
917775900
840531156
840432066
382515799
434104311
433961877
477616072
481015691
488108564
499605095
435115068
478702681
412444994
442605911
380456012
527740914
807743166
752036616
431338730
811217744
822624268
829041680
519154991
833195852
840416606
837682640
798134011
844799536
842294555
843314527
844226241
849400718
852436542
524190725
851545913
878437664
882561137
527864540
880783493
879891091
889514386
890301476
894274505
899750251
903689198
907750178
799791942
818621898
350081121
903159747
911435659
823996855
810695551
523895886
844277657
879939825
433570371
796880367
823957667
529185308
891846776
411757081
529407173
408306603
822663316
803717834
844190652
901624379
907752562
379011372
833262363
449118900
901435495
753612225
824081079
853027167
522295112
842307431
410104202
892347170
834069825
911162584
905377628
484785977
831204219
508243680
842898397
897736641
828478727
793589714
853468981
852312818
382997914
892337247
848790937
839653441
528972474
324076850
807488960
909837296
444115299
531557924
819261504
532606308
878200856
509409330
341150589
823335120
535200273
814388047
912305216
882605991
341900223
788953453
802228163
812468890
423151836
827906645
525238655
894308477
901281022
912496866
378416119
892847054
810739227
912287026
317852705
513340596
912882610
878442565
484698469
508214830
512164195
822959375
511428567
495104416
798683694
499621258
440628774
880569819
849942982
493152540
449263128
834440760
508402294
531912475
791701014
912675196
888578002
851503268
853329894
842840126
504478918
480453430
912573490
489275529
753104975
891595340
849767926
905335402
508006160
912319472
810991810
799454228
443799036
841750383
538029703
400712949
843969585
850202946
913241188
878173392
814195590
891850893
904700846
832640080
825239130
821934692
801687229
500861679
848324638
904782521
908465354