28893
30712
38249
44760
30563
33373
36015
34112
24815
42270
34355
31524
27284
37246
490
45324
32564
34082
24571
30038
35278
34280
35633
30504
23979
31556
31993
31299
43770
39307
32322
48627
38560
33743
41511
34882
26509
45653
23450
47647
36960
37217
45235
33516
31237
27994
22489
50537
31409
42185
43378
45253
40024
41644
23543
35881
25434
26328
32056
33572
47949
28979
139
34252
35088
30404
43555
37808
27699
39818
31614
28624
30084
48430
28577
48067
26850
39304
41482
34335
28706
32567
39298
38240
35874
37301
40212
33104
35129
44828
26348
46032
36814
38049
30969
36074
42513
26243
35291
28660
28916
33433
35183
24313
35951
23672
34662
31886
42455
33862
37648
49241
35008
28405
24177
41260
35869
31394
37804
23478
47625
43099
35193
676
45439
44048
33487
33814
35614
30951
36103
35308
37529
38941
39262
28500
46534
37403
29134
45162
42000
44120
28289
34012
40364
34858
37576
32514
31945
501
29042
38360
31528
43892
34068
32729
37035
38208
24990
26820
33955
47561
39931
35608
39102
49385
43850
47135
32969
46615
35055
34172
23423
35684
30714
47703
26120
32840
45515
39803
45917
35773
45702
45977
52881
33822
36593
34021
28531
37715
43563
35898
43547
45330
35514
51075
35248
38041
30088
29484
35553
37413
29122
43469
290
36136
31045
29936
35916
39661
35990
52663
35483
36754
34613
35960
34649
39637
22922
38616
46834
32267
34182
28782
47629
31300
696
45935
35405
30003
34927
31342
49349
35885
49546
42261
41184
51065
29140
41684
22819
36882
37552
30642
25438
34018
27982
39654
26852
32597
32002
33353
26169
38096
28967
38753
36822
43987
735
47631
33640
53308
29948
33219
28467
42092
25420
38913
30673
40544
33092
44411
26208
36859
30876
26978
43404
47785
23837
35144
35644
35837
27240
40995
52128
36410
29870
42804
31035
42747
34724
35261
47707
32314
39825
50206
28803
39580
48152
48553
43231
49118
25958
47021
29403
32577
36112
27742
38800
43588
22166
31428
33515
35345
32568
34640
37378
30851
34159
37327
28033
27147
27423
30478
46491
29929
35840
35292
31558
517
27397
33381
42226
23708
31087
38925
49613
30009
29341
28610
38818
29539
32441
32136
42508
48773
26107
34283
35831
42228
33807
46528
43344
32247
36996
52295
33602
31923
24955
26569
38892
50472
31346
46859
31994
41899
29759
138
38098
48010
29415
32205
22328
35086
29161
30462
25159
33292
28089
45957
35320
32042
37603
25372
38746
23429
30648
23451
32936
43535
36880
24948
31003
30482
30018
29004
26879
37790
23037
48958
26687
34444
29124
26469
31582
49728
49348
30877
36125
29060
50433
48398
35177
31827
47060
28501
38926
29728
35112
40470
26161
41794
46170
33857
33734
31151
35688
26650
26249
29753
26337
48101
25943
31961
30917
33465
32639
25123
40632
30307
29877
40973
47476
52350
38202
50050
40848
48799
30627
28088
29699
46489
26914
34979
22006
32200
42971
39243
28536
35346
33959
43746
31620
30381
39826
38867
39126
336
31910
46145
24554
40122
35066
35935
30566
47811
31982
29774
27993
26135
40831
26550
35229
41716
30413
26958
31092
48018
32270
35007
50066
41498
52659
24057
36748
29098
23432
43367
26876
27341
35395
42965
46663
35913
28367
49119
52359
35639
32456
32207
33748
31173
26015
32098
33491
35652
38190
50926
35232
37381
29911
43438
37972
40296
33369
43928
23899
24938
34564
35585
35313
27724
32416
29643
30234
32256
36320
45280
36766
44349
35818
43870
34919
26861
44389
22735
28093
35448
24597
35253
34983
35759
36513
30806
33039
44118
34020
30829
36480
23920
26518
33956
34064
583
33752
27899
24033
47162
24070
30238
22945
38981
49990
30629
44072
18541
29085
40170
44199
29761
27830
159
42412
39678
32714
33634
38682
49195
27733
35414
39689
35596
31569
37207
28426
44000
38171
26558
31523
40687
28903
30785
23647
34162
47871
32181
22645
45719
33994
33271
24607
51074
46
46562
33962
24800
40050
34743
29003
42236
33455
32477
35432
34795
39139
23492
32192
39369
35467
30022
27544
39131
34490
35764
28189
48904
27553
48664
35793
42934
40611
23465
49288
40616
50394
35487
37516
46171
30769
38437
38046
41888
31791
26842
31719
40378
40222
29916
32923
35306
33031
39586
46068
45438
29843
39286
38242
50943
39066
34830
26867
20342
26271
35283
35813
49676
39727
27141
35160
46059
42183
43102
36835
39464
29725
41881
39928
44012
30232
25136
48440
37766
32768
50851
40403
35756
41087
49247
43490
31633
38943
29457
23117
41916
32916
27285
29812
31103
48748
40778
45337
27189
27428
26460
33732
23831
36918
38113
28123
51612
47273
31327
30050
26075
45685
32245
30268
34455
33830
31305
36034
24814
24107
34054
34811
691
33600
28127
47085
29255
48793
48829
34981
38652
32880
42030
43311
37637
25714
25449
32903
236
39322
418
48196
35136
28434
31756
33061
19519
33003
49114
27442
22566
48890
27043
35472
24281
30217
35899
34201
44091
27235
31845
40643
30970
39376
26287
36146
27663
53389
30400
31223
38515
36685
41586
45078
50979
36162
22753
35013
29413
43502
40102
44179
23863
25428
31782
26036
31350
609
30698
30665
37734
37813
28739
30085
42698
45630
39011
26526
40282
31266
32556
45600
43285
35187
30594
53290
36924
30717
33127
32405
33221
26197
445
42022
43195
29700
37671
40237
31337
43008
27132
29452
38103
31186
41692
29819
31140
45445
40983
36387
31717
26025
52311
35535
37306
25577
35140
30514
25050
48562
31619
43457
27273
29494
35396
40427
30751
29286
23690
29369
30753
28792
41356
34175
50984
38939
35868
26729
29543
38632
39589
575
22962
31317
40874
47536
43848
22346
40680
31212
26570
47669
30460
37477
28981
38402
40551
31030
22915
47134
45576
27243
46202
33289
39185
41979
32900
50384
35401
23110
73
30583
40335
24511
24018
29978
42489
27091
32043
49552
28600
34479
26655
26152
35231
33630
35134
46686
34636
31426
36679
46048
47614
45492
31373
199
25989
51463
52698
45270
45259
35583
30677
20844
